&focusin
        idisplay =                       0 ,
      isymmetric =                       0 ,
       itopology =                       0 ,
        knotsurf =   2.000000000000000e-01 ,
          nfcoil =                       8 ,
          ndcoil =                     360 ,
     linitialize =                      -1 ,
            rmaj =   1.000000000000000e+00 ,
            rmin =   5.000000000000000e-01 ,
              ic =                       1 ,
              io =   1.000000000000000e+00 ,
              iw =   1.000000000000000e+00 ,
              lc =                       2 ,
              lo =   6.283185307179586e+00 ,
              lw =   1.000000000000000e+00 ,
       loptimize =                       2 ,
           nteta =                     256 ,
           nzeta =                      32 ,
          absacc =   1.000000000000000e-08 ,
          absreq =   1.000000000000000e-12 ,
          relreq =   1.000000000000000e-01 ,
      lnormalize =                       0 ,
    weight_bnorm =   1.000000000000000e+06 ,
    weight_tflux =   0.000000000000000e+00 ,
    target_tflux =   0.000000000000000e+00 ,
    weight_ttlen =   0.000000000000000e+00 ,
    weight_eqarc =   0.000000000000000e+00 ,
    weight_ccsep =   0.000000000000000e+00 ,
          tauend =   1.000000000000000e+02 ,
          tautol =   1.000000000000000e-04 ,
         ntauout =                     100 ,
         savfreq =                       1 ,
            xtol =   1.000000000000000e-04 ,
             eta =   9.000000000000000e-01 ,
          stepmx =   1.000000000000000e+05 ,
       lpoincare =                       0 ,
          odetol =   1.000000000000000e-07 ,
            ppts =                     100 ,
            ptrj =                      32 ,
             phi =   0.000000000000000e+00 ,
           bstol =   1.000000000000000e-06 ,
        bsnlimit =                   10000 ,
/
